1234000000000;abhi;2000.0;7074;PK00COMSATS0615906147529;2974 1264 2024 5620
4563783527892;ghfy;2200.0;3652;PK00COMSATS0946798536271;2925 3578 6822 8716
8745365789534;abhinav;2000.0;1558;PK00COMSATS0340448522258;1359 8344 5099 6825
0123654789201;Aditya;200.0;5106;PK00COMSATS0537798614953;5030 3262 1984 3417
9874563210123;qw;5000.0;5420;PK00COMSATS0999106640935;3431 3496 6690 3611
1245789632145;Prajakta;300.0;4449;PK00COMSATS0110776128011;1153 6536 9373 2409
7564357389542;neha;5000.0;7046;PK00COMSATS0683870933165;9911 7403 6387 2848
﻿4535676456735;saurabh;100010.0;2288;PK00COMSATS0599212388584;4103 2982 9355 5929
1432567898765;TEJAS;9000.0;9482;PK00COMSATS0422336146825;7842 9242 3511 2878
﻿3537529384509;Bilal Anar;8905.0;4912;PK00COMSATS0968501458903;2461 9985 3779 9072
8989898898989;Bilo;88888.0;8464;PK00COMSATS0864311979667;3320 3302 1143 4682
0909090909090;Ptta;9.0;2617;PK00COMSATS0612931598678;7501 8058 6334 5720
1234567890987;Billll;2727.0;5786;PK00COMSATS0121332169709;1742 2532 5608 5868
0987654321123;Ali Ahmed;2333.0;8900;PK00COMSATS0593357814374;2014 6479 8574 5575
1122334455667;Bilal Ansar;7000.0;8640;PK00COMSATS0830643362449;6729 2671 9695 1408
9090909090909;Ali Ahmed;7000.0;7941;PK00COMSATS0729364413129;2134 4169 4887 9459
1234567892345;abhinav;4000.0;1618;PK00COMSATS0455977909949;6779 9367 7867 5065
3124536754316;shubham;1.0;1866;PK00COMSATS0381557540246;8044 3620 4780 8472
0987654365765;sam;4000.0;4445;PK00COMSATS0851287749612;6241 5069 8735 2555
9845637462568;shubham;5555.0;8728;PK00COMSATS0142261872346;3003 9494 7679 6437
4563678423547;tejas;2000.0;9861;PK00COMSATS0489199649865;7048 1416 8413 3950
1236547891021;qwert;200.0;4320;PK00COMSATS0934439411924;3962 2804 1321 8673
5000000000000;adadaad;50000.0;1345;PK00COMSATS0292784213921;9609 4147 3122 8296
4000000000000;anamika;1000.0;7399;PK00COMSATS0595682236620;8614 6931 9452 7412
